  247   024   144   000   000   000   000   000   000   000 
  000   000   000   000   000   000   000   000   000   000 
  000   000   000   000   000   000   000   000   000   000 
  000   000   000   000   000   000   000   000   000   000 
  000   000   000   000   000   000   014   000   000   000 
  001   000   000   000   001   004   200   224   000   000 
  000   127   254   234   247   024   136   000   000   127 
  254   234   247   024   160   000   000   000   000   000 
  000   000   000   000   000   000   000   000   000   000 
  000   000   000   127   254   234   247   024   136   000 
  000   000   001   015   067   005   003   000   000   127 
  254   234   247   024   112   000   000   127   254   234 
  247   024   160   000   000   127   254   234   247   024 
  176   000   000   000   001   004   200   224   000   000 
  000   000   000   000   000   000   001   000   000   127 
  254   234   247   025   144   116   037   053   138   006 
  143   000   161   000   000   000   000   000   000   000 
  000   000   000   000   000   000   000   000   000   000 
  000   000   000   000   000   000   000   000   000   000 
  000   000   000   000   000   000   000   000   000   000 
  000   000   000   000   000   000   000   000   000   000 
  000   000   000   000   000   000   000   000   000   000 
  000   000   000   000   000   000   000   000   000   000 
  000   000   000   000   000   000   000   000   000   000 
  000   000   000   000   000   000   000   255   255   255 
  255   000   000   127   254   234   247   023   112   000 
  000   002   226   000   000   000   006   000   000   000 
  001   000   000   000   000   000   000   000   000   000 
  000   000   000   000   000   000   000   000   000   000 
  000   000   000   000   000   000   000   000   000   000 
  000   000   000   000   000   000   000   000   000   000 
  000   000   000   000   000   000   000   000   000   000 
  000   000   000   000   000   000   000   000   000   000 
  000   000   000   000   000   000   000   000   000   000 
  000   000   000   000   000   000   000   000   000   000 
  000   000   000   000   000   000   000   000   001   004 
  201   011   128   000   000   127   254   234   247   024 
  128   116   037   053   138   006   143   000   161   000 
  000   127   254   234   247   022   048   000   000   127 
  254   234   247   023   016   000   000   000   048   000 
  000   000   016   000   000   127   254   234   247   024 
  176   000   000   127   254   234   247   025   144   000 
  000   000   000   000   000   000   000   000   000   127 
  254   234   247   024   000   000   000   000   000   000 
  000   000   000   000   000   000   000   000   000   000 
  000   000   000   000   000   000   000   000   000   000 
  000   000   000   000   000   000   000   000   000   000 
  000   000   000   000   000   000   000   000   000   000 
  000   000   000   000   000   000   000   000   000   000 
  000   000   000   000   000   000   000   000   000   000 
  000   000   000   000   000   000   000   000   000   000 
  000   000   000   000   000   000   000   000   000   000 
  000   000   000   000   000   000   000   000   000   000 
  000   000   000   127   255   152   078   143   120   000 
  000   000   000   000   001   048   168   116   037   053 
  138   006   143   000   161   000   000   000   000   000 
  000   000   009   000   000   000   000   000   000   000 
  010   000   000   000   000   000   000   000   000   000 
  000   127   255   097   232   015   114   000   000   127 
  254   234   247   023   000   000   000   000   000   000 
  000   000   000   000   000   000   000   000   000   000 
  000   000   000   000   000   000   000   000   000   000 
  000   000   000   000   000   000   000   000   000   127 
  255   097   232   046   045   000   000   127   254   234 
  247   022   032   000   000   000   000   000   000   000 
  001   000   000   127   255   152   078   145   168   000 
  000   127   255   097   231   166   022   000   000   127 
  254   2-1 2 4294967293 -4 100
34   247   021   240   000   000   000   001   004 
  201   015   118   000   000   000   000   000   000   000 
  000   000   000   127   255   152   078   145   168   000 
  000   000   000   000   000   000   000   000   000   000 
  001   004   201   015   118   000   000   000   000   000 
  000   000   000   000   000   127   255   152   078   143 
  088   000   000   000   000   050   170   171   162   000 
  000   000   000   000   000   000   000   000   000   000 
  000   000   000   000   000   000   000   000   000   000 
  000   000   000   000   000   000   000   000   000   000 
  000   000   000   000   000   000   000   000   000   000 
  000   000   000   000   000   000   000   000   000   000 
  000   000   000   000   000   000   000   000   000   000 
  000   000   000   000   000   000   000   000   000   000 
  000   000   000   000   000   000   000   000   000   000 
  000   000   000   000   000   000   000   000   000   000 
  000   000   000   000   000   000   000   000   000   000 
  000   000   000   000   000   000   000   000   000   000 
  000   000   000   127   254   234   247   022   224   000 
  000   000   000   000   000   000   000   000   000   127 
  255   097   234   177   195   000   000   127   254   234 
  247   021   240   000   000   000   000   000   000   000 
  000   255   255   255   255   255   255   255   255   000 
  000   127   255   152   078   134   184   000   000   000 
  001   004   201   015   118   000   000   127   255   152 
  078   145   168   116   037   053   138   006   143   000 
  161   000   000   000   001   004   201   015   118   000 
  000   127   255   152   078   145   168   000   000   000 
  000   097   231   182   149   000   000   000   000   000 
  000   016   000   000   000   127   255   097   254   140 
  127   000   000   127   254   234   247   020   224   000 
  000   127   255   097   231   221   233   000   000   127 
  254   234   247   020   224   000   000   127   255   152 
===========================
  247   024   144   000   000   000   000   000   000   000 
  007   007   007   007   007   007   000   010   100   108 
  037   032   100   037   032   100   108   037   032   100 
  037   032   100   108   037   005   005   005   005   005 
  005   005   005   005   005   005   005   005   005   005 
  005   005   005   005   005   005   005   005   005   005 
  005   005   005   005   005   005   005   005   005   005 
  005   005   005   005   005   005   005   005   005   005 
  005   005   005   005   005   005   005   005   005   005 
  005   005   005   005   005   005   005   005   005   005 
  005   005   005   005   005   005   005   005   005   005 
  005   005   005   005   005   000   000   127   254   234 
  247   024   160   000   000   127   254   234   247   024 
  176   000   000   000   001   004   200   224   000   000 
  000   000   000   000   000   000   001   000   000   127 
  254   234   247   025   144   116   037   053   138   006 
  143   000   161   000   000   000   000   000   000   000 
  000   000   000   000   000   000   000   000   000   000 
  000   000   000   000   000   000   000   000   000   000 
  000   000   000   000   000   000   000   000   000   000 
  000   000   000   000   000   000   000   000   000   000 
  000   000   000   000   000   000   000   000   000   000 
  000   000   000   000   000   000   000   000   000   000 
  000   000   000   000   000   000   000   000   000   000 
  000   000   000   000   000   000   000   255   255   255 
  255   000   000   127   254   234   247   023   112   000 
  000   002   226   000   000   000   006   000   000   000 
  001   000   000   000   000   000   000   127   254   234 
  247   024   080   000   000   000   000   000   000   000 
  025   000   000   000   028   000   000   000   000   000 
  000   127   254   234   247   024   000   000   000   127 
  254   234   247   024   080   000   000   000   023   000 
  000   000   006   000   000   000   001   000   000   000 
  000   000   000   000   000   000   000   007   231   000 
  000   000   000   000   000   003   255   000   000   000 
  000   000   000   004   001   000   000   000   001   004 
  201   012   220   000   000   127   254   234   247   024 
  128   116   037   053   138   006   143   000   161   000 
  000   127   254   234   247   022   048   000   000   127 
  254   234   247   023   016   000   000   000   048   000 
  000   000   016   000   000   127   254   234   247   024 
  080   000   000   000   023   234   247   023   000   000 
  000   000   000   000   000   000   025   000   000   000 
  001   004   201   015   158   000   000   127   254   234 
  247   024   080   000   000   127   254   234   247   024 
  000   000   000   127   255   097   229   017   101   000 
  000   127   254   234   247   022   208   000   000   000 
  000   000   000   000   000   000   000   000   000   000 
  000   000   000   000   000   000   000   000   000   000 
  000   000   000   000   000   000   000   000   000   000 
  000   000   000   000   000   000   000   000   000   000 
  000   000   000   000   000   000   000   000   000   000 
  000   000   000   000   000   000   000   000   000   000 
  000   000   000   127   255   152   078   143   120   000 
  000   000   000   000   001   048   168   116   037   053 
  138   006   143   000   161   000   000   000   000   000 
  000   000   009   000   000   000   000   000   000   000 
  010   000   000   000   000   000   000   000   002   000 
  000   127   255   097   232   015   114   000   000   127 
  254   234   247   023   000   000   000   000   000   000 
  000   000   000   000   000   000   000   000   000   000 
  000   000   000   000   000   000   000   000   000   000 
  000   000   000   000   000   000   000   000   000   127 
  255   097   232   046   045   000   000   127   254   234 
  247   022   032   000   000   000   000   000   000   000 
  001   000   000   127   255   152   078   145   168   000 
  000   127   255   097   231   166   022   000   000   127 
  254   234   247   021   240   000   000   000   001   004 
  201   015   118   000   000   000   000   000   000   000 
  000   000   000   127   255   152   078   145   168   000 
  000   000   000   000   000   000   000   000   000   000 
  000   000   000   000   000   000   000   000   000   000 
  000   000   000   000   000   000   000   000   000   000 
  100   000   000   000   000   255   255   255   252   000 
  000   000   000   255   255   255   253   000   000   000 
  000   000   000   000   002   255   255   255   255   255 
  255   255   255   000   000   127   254   234   247   024 
  080   000   000   127   254   234   247   022   224   000 
  000   000   023   000   000   000   000   000   000   000 
  001   004   200   251   042   000   000   127   254   234 
  247   023   000   000   000   127   254   234   247   024 
  098   000   000   127   254   234   247   022   224   000 
  000   000   000   000   000   004   100   000   000   000 
  019   255   255   255   255   255   255   255   255   000 
  000   000   000   000   000   000   023   000   000   000 
  000   000   000   127   254   234   247   022   224   001 
  000   000   000   000   000   000   000   000   000   127 
  255   097   234   177   195   000   000   127   254   234 
  247   021   240   000   000   000   000   000   000   000 
  000   255   255   255   255   255   255   255   255   000 
  000   127   255   152   078   134   184   000   000   000 
  001   004   201   015   118   000   000   127   255   152 
  078   145   168   116   037   053   138   006   143   000 
  161   000   000   000   001   004   200   243   194   000 
  000   127   254   234   247   021   000   000   000   000 
  001   004   201   020   080   000   000   000   000   000 
  000   000   003   000   000   127   254   234   247   021 
  040   000   000   127   254   000   000   000   003   000 
  000   000   000   000   000   000   003   000   000   000 
  001   004   201   015   058   000   000   000   001   004 
