-1 -2 4294967293 -4 200
  192   006   048   000   000   127   254   231   125   011 
  166   000   000   127   254   231   125   011   147   000 
  000   127   254   231   125   011   133   000   000   127 
  254   231   125   011   020   000   000   127   254   231 
  125   010   210   000   000   127   254   231   125   010 
  134   000   000   127   254   231   125   010   116   000 
  000   127   254   231   125   010   101   000   000   127 
  254   231   125   010   062   000   000   127   254   231 
  125   010   005   000   000   000   000   000   000   000 
  000   000   000   127   254   231   125   009   248   000 
  000   000   000   000   000   000   001   000   000   000 
  000   000   000   000   000   000   000   127   255   097 
  223   099   213   000   000   127   254   231   125   008 
  144   253   246   167   038   027   149   000   175   000 
  000   127   254   231   125   008   144   000   000   000 
  000   000   000   000   000   000   000   000   000   000 
  000   000   000   000   000   000   000   000   000   000 
  000   000   000   000   000   000   000   000   000   000 
  000   000   000   000   000   000   000   000   000   000 
  014   000   000   000   001   000   000   000   001   008 
  066   240   000   000   000   127   254   231   125   008 
  136   000   000   127   254   231   125   008   160   000 
  000   000   000   000   000   000   000   000   000   000 
  000   000   000   000   000   000   000   127   254   231 
  125   008   136   000   000   000   000   255   255   255 
  255   000   000   127   254   231   125   008   000   000 
  000   000   238   000   000   000   006   000   000   000 
  001   231   125   008   176   000   000   000   001   008 
  066   240   000   000   000   000   000   000   000   000 
  001   000   000   127   254   231   125   009   144   253 
  246   167   038   027   149   000   175   000   000   000 
  000   000   000   000   000   000   000   000   000   000 
  000   000   000   000   000   000   001   008   067   027 
  009   000   000   127   254   231   125   008   128   253 
  246   167   038   027   149   000   175   000   000   127 
  254   231   125   006   224   000   000   127   254   231 
  125   007   192   000   000   000   048   000   000   000 
  008   000   000   127   254   231   125   008   176   000 
  000   127   254   231   125   009   144   000   000   000 
  000   000   000   000   000   000   000   127   254   231 
  125   009   000   000   000   000   000   000   000   000 
  000   000   000   000   000   000   000   000   000   000 
  000   000   000   000   000   000   000   000   000   000 
  000   000   000   000   000   000   000   000   000   000 
  000   000   000   000   000   000   000   000   000   000 
  000   000   000   000   000   000   000   000   000   000 
  000   000   000   000   000   000   000   000   000   000 
  000   000   000   000   000   000   000   000   000   000 
  000   000   000   000   000   000   000   000   000   000 
  000   000   000   000   000   000   000   000   000   000 
===========================
  192   006   048   000   000   127   254   231   125   011 
  166   000   000   127   254   231   125   011   147   000 
  000   127   254   231   125   011   133   000   000   127 
  254   231   125   011   020   000   000   127   254   231 
  125   010   210   000   000   127   254   231   125   010 
  134   000   000   127   254   231   125   010   116   000 
  000   127   254   231   125   010   101   000   000   127 
  254   231   125   010   062   000   000   127   254   231 
  125   010   005   000   000   000   000   000   000   000 
  000   000   000   127   254   231   125   009   248   000 
  000   000   000   000   000   000   001   000   000   000 
  000   000   000   000   000   000   000   127   255   097 
  223   099   213   000   000   127   254   231   125   008 
  144   253   246   167   038   027   149   000   175   000 
  000   127   254   231   000   010   100   108   037   032 
  100   037   032   100   108   037   032   100   037   032 
  100   108   037   005   005   005   005   005   005   005 
  005   005   005   005   005   005   005   005   005   005 
  005   005   005   005   005   005   005   005   005   005 
  005   005   005   005   005   005   005   005   005   005 
  005   005   005   005   005   005   005   005   005   005 
  005   005   005   005   005   005   005   005   005   005 
  005   005   005   005   005   005   005   005   005   005 
  005   005   005   005   005   005   005   005   005   005 
  005   005   005   000   000   000   000   255   255   255 
  255   000   000   127   254   231   125   008   000   000 
  000   000   238   000   000   000   006   000   000   000 
  001   231   125   008   176   000   000   127   254   231 
  125   008   096   000   000   000   028   000   000   000 
  001   000   000   127   254   231   125   008   096   000 
  000   000   024   000   000   000   006   000   000   000 
  001   000   000   000   000   000   000   000   000   000 
  000   000   100   000   000   000   001   008   067   028 
  032   000   000   127   254   231   125   008   128   253 
  246   167   038   027   149   000   175   000   000   127 
  254   231   125   006   224   000   000   127   254   231 
  125   007   192   000   000   000   048   000   000   000 
  008   000   000   127   254   231   125   008   096   000 
  000   000   024   231   125   007   176   000   000   000 
  000   000   000   000   020   000   000   000   001   008 
  067   031   158   000   000   127   254   231   125   008 
  096   000   000   127   254   231   125   008   016   000 
  000   127   255   097   229   017   101   000   000   127 
  254   231   125   007   128   000   000   000   000   000 
  000   000   000   000   000   000   000   000   000   000 
  000   000   000   000   000   000   000   000   000   000 
  000   000   000   000   000   000   000   000   000   000 
  000   000   000   000   000   000   000   000   000   000 
  000   000   000   000   000   000   000   000   000   000 
  000   000   000   000   000   000   000   000   000   000 
